0 300
0.001 294.41
0.002 288.825
0.003 283.248
0.004 277.684
0.005 272.136
0.006 266.61
0.007 261.108
0.008 255.636
0.009 250.197
0.01 244.794
0.011 239.433
0.012 234.117
0.013 228.849
0.014 223.633
0.015 218.473
0.016 213.373
0.017 208.335
0.018 203.363
0.019 198.46
0.02 193.63
0.021 188.875
0.022 184.198
0.023 179.602
0.024 175.09
0.025 170.663
0.026 166.325
0.027 162.077
0.028 157.922
0.029 153.862
0.03 149.898
0.031 146.033
0.032 142.267
0.033 138.602
0.034 135.04
0.035 131.581
0.036 128.227
0.037 124.978
0.038 121.836
0.039 118.801
0.04 115.873
0.041 113.053
0.042 110.342
0.043 107.738
0.044 105.243
0.045 102.856
0.046 100.576
0.047 98.4046
0.048 96.3402
0.049 94.3824
0.05 92.5305
0.051 90.7839
0.052 89.1417
0.053 87.603
0.054 86.1667
0.055 84.8318
0.056 83.597
0.057 82.4611
0.058 81.4226
0.059 80.4803
0.06 79.6325
0.061 78.8778
0.062 78.2144
0.063 77.6407
0.064 77.1549
0.065 76.7552
0.066 76.4398
0.067 76.2067
0.068 76.054
0.069 75.9795
0.07 75.9814
0.071 76.0574
0.072 76.2055
0.073 76.4233
0.074 76.7089
0.075 77.0598
0.076 77.4737
0.077 77.9485
0.078 78.4817
0.079 79.071
0.08 79.714
0.081 80.4082
0.082 81.1512
0.083 81.9407
0.084 82.774
0.085 83.6487
0.086 84.5623
0.087 85.5122
0.088 86.496
0.089 87.5111
0.09 88.5548
0.091 89.6247
0.092 90.7181
0.093 91.8324
0.094 92.9651
0.095 94.1135
0.096 95.2751
0.097 96.4471
0.098 97.627
0.099 98.8122
0.1 100
